(10 ,8.921826 ,0.0001 ,25),
(20 ,9.167432 ,0.0001 ,26),
(30 ,9.442865 ,0.0001 ,19),
(40 ,9.334561 ,0.0002 ,20),
(50 ,9.548136 ,0.0002 ,20),
(60 ,9.619320 ,0.0002 ,19),
(70 ,9.619182 ,0.0002 ,18),
(80 ,9.619325 ,0.0003 ,18),
(90 ,9.619328 ,0.0003 ,17),
(100 ,9.619337 ,0.0003 ,17),
(110 ,9.619334 ,0.0003 ,17),
(120 ,9.619335 ,0.0003 ,15),
(130 ,9.619334 ,0.0004 ,16),
(140 ,9.619337 ,0.0004 ,15),
(150 ,9.619336 ,0.0004 ,15),
(aaa ,aaaaaaaa ,aaaaaa ,aa),
(0.00 ,9.619335 ,0.0003 ,16),
(0.10 ,9.585289 ,0.0003 ,19),
(0.30 ,9.619318 ,0.0003 ,16),
(0.50 ,9.619334 ,0.0003 ,16),
(0.70 ,9.619336 ,0.0003 ,17),
(0.85 ,9.619336 ,0.0003 ,15),
(0.95 ,9.619328 ,0.0003 ,16),
(1.00 ,9.619333 ,0.0003 ,18),
(aaa ,aaaaaaaa ,aaaaaa ,aa),
(0.0000 ,9.547435 ,0.0002 ,15),
(0.0010 ,9.520238 ,0.0002 ,17),
(0.0050 ,9.472634 ,0.0002 ,16),
(0.0100 ,9.585285 ,0.0002 ,15),
(0.0200 ,9.514106 ,0.0002 ,15),
(0.0500 ,9.619337 ,0.0002 ,16),
(0.1000 ,9.619334 ,0.0003 ,15),
(0.2000 ,9.618635 ,0.0003 ,17),

( 0 ,8.166307  ),
( 1 ,8.189981  ),
( 2 ,8.191162  ),
( 3 ,9.416637  ),
( 4 ,9.463749  ),
( 5 ,9.578322  ),
( 6 ,9.608774  ),
( 7 ,9.613771  ),
( 8 ,9.614907  ),
( 9 ,9.616369  ),
( 10 ,9.616369 ),
( 11 ,9.616369 ),
( 12 ,9.616369 ),
( 13 ,9.617181 ),
( 14 ,9.619136 ),
( 15 ,9.619136 ),
( 16 ,9.619244 ),
( 17 ,9.619244 ),
( 18 ,9.619302 ),
( 19 ,9.619302 ),
( 20 ,9.619337 ),
( 21 ,9.619337 ),
( 22 ,9.619337 ),
( 23 ,9.619337 ),
( 24 ,9.619337 ),