
Count: 100000000
Num_seed: 10
Total time:16.061510
Time:
\def \time{(1,0.062630)(2,0.032051)(3,0.022152)(4,0.016618)(5,0.013385)(6,0.011184)(7,0.009976)(8,0.008494)(9,0.010149)(10,0.010202)}
Acceleration:
\def \acc(1,1.000000)(2,1.954085)(3,2.827262)(4,3.768748)(5,4.679173)(6,5.599846)(7,6.278173)(8,7.373503)(9,6.171032)(10,6.138792)}
Efficiency:
\def \eff(1,1.000000)(2,0.977043)(3,0.942421)(4,0.942187)(5,0.935835)(6,0.933308)(7,0.896882)(8,0.921688)(9,0.685670)(10,0.613879)}

Count: 100000000
Num_seed: 10
Total time:16.054950
Time:
\def \time{(1,0.062556)(2,0.032731)(3,0.022360)(4,0.016902)(5,0.013687)(6,0.011572)(7,0.010088)(8,0.009068)(9,0.008271)(10,0.008330)}
Acceleration:
\def \acc(1,1.000000)(2,1.911233)(3,2.797649)(4,3.701013)(5,4.570335)(6,5.405901)(7,6.201154)(8,6.898696)(9,7.563019)(10,7.509544)}
Efficiency:
\def \eff(1,1.000000)(2,0.955617)(3,0.932550)(4,0.925253)(5,0.914067)(6,0.900983)(7,0.885879)(8,0.862337)(9,0.840335)(10,0.750954)}

Count: 100000000
Num_seed: 10
Total time:16.005927
Time:
\def \time{(1,0.062528)(2,0.031957)(3,0.022187)(4,0.016608)(5,0.013359)(6,0.011120)(7,0.009624)(8,0.008532)(9,0.008399)(10,0.007924)}
Acceleration:
\def \acc(1,1.000000)(2,1.956648)(3,2.818240)(4,3.764910)(5,4.680555)(6,5.623123)(7,6.496821)(8,7.328387)(9,7.444253)(10,7.890566)}
Efficiency:
\def \eff(1,1.000000)(2,0.978324)(3,0.939413)(4,0.941227)(5,0.936111)(6,0.937187)(7,0.928117)(8,0.916048)(9,0.827139)(10,0.789057)}

Count: 100000000
Num_seed: 10
Total time:16.027019
Time:
\def \time{(1,0.062554)(2,0.032178)(3,0.022158)(4,0.016578)(5,0.013275)(6,0.011119)(7,0.009779)(8,0.009100)(9,0.008182)(10,0.008245)}
Acceleration:
\def \acc(1,1.000000)(2,1.943990)(3,2.823122)(4,3.773217)(5,4.712087)(6,5.626008)(7,6.396758)(8,6.874282)(9,7.645120)(10,7.586981)}
Efficiency:
\def \eff(1,1.000000)(2,0.971995)(3,0.941041)(4,0.943304)(5,0.942417)(6,0.937668)(7,0.913823)(8,0.859285)(9,0.849458)(10,0.758698)}

Count: 100000000
Num_seed: 10
Total time:16.055947
Time:
\def \time{(1,0.062619)(2,0.031943)(3,0.022168)(4,0.016812)(5,0.013398)(6,0.011182)(7,0.009640)(8,0.008510)(9,0.010190)(10,0.009586)}
Acceleration:
\def \acc(1,1.000000)(2,1.960317)(3,2.824718)(4,3.724761)(5,4.673702)(6,5.599800)(7,6.495835)(8,7.358135)(9,6.144921)(10,6.532360)}
Efficiency:
\def \eff(1,1.000000)(2,0.980159)(3,0.941573)(4,0.931190)(5,0.934740)(6,0.933300)(7,0.927976)(8,0.919767)(9,0.682769)(10,0.653236)}
Totallest total time:80.205353