static,dynamic 10000,guided, guided 10000,auto
Count: 100000000
Num_seed: 100
Total time:236.628490
Time:
\def \timea{(1,0.062579)(2,0.031492)(3,0.021588)(4,0.016566)(5,0.013433)(6,0.011234)(7,0.009801)(8,0.009155)(9,0.010428)(10,0.010228)}
Acceleration:
\def \acca{(1,1.000000)(2,1.987156)(3,2.898727)(4,3.777484)(5,4.658734)(6,5.570479)(7,6.385017)(8,6.835612)(9,6.000998)(10,6.118205)}
Efficiency:
\def \effa{(1,1.000000)(2,0.993578)(3,0.966242)(4,0.944371)(5,0.931747)(6,0.928413)(7,0.912145)(8,0.854451)(9,0.666778)(10,0.611820)}
Time:
\def \timeb{(1,0.062404)(2,0.032361)(3,0.021989)(4,0.016860)(5,0.013697)(6,0.011528)(7,0.010039)(8,0.009720)(9,0.009411)(10,0.008419)}
Acceleration:
\def \accb{(1,1.000000)(2,1.928414)(3,2.838001)(4,3.701278)(5,4.556125)(6,5.413460)(7,6.216012)(8,6.420074)(9,6.630802)(10,7.411933)}
Efficiency:
\def \effb{(1,1.000000)(2,0.964207)(3,0.946000)(4,0.925319)(5,0.911225)(6,0.902243)(7,0.888002)(8,0.802509)(9,0.736756)(10,0.741193)}
Time:
\def \timec{(1,0.062357)(2,0.031225)(3,0.021500)(4,0.016196)(5,0.013275)(6,0.011213)(7,0.009669)(8,0.008533)(9,0.008383)(10,0.008309)}
Acceleration:
\def \accc{(1,1.000000)(2,1.997018)(3,2.900323)(4,3.850056)(5,4.697478)(6,5.560899)(7,6.449386)(8,7.307850)(9,7.438800)(10,7.504737)}
Efficiency:
\def \effc{(1,1.000000)(2,0.998509)(3,0.966774)(4,0.962514)(5,0.939496)(6,0.926816)(7,0.921341)(8,0.913481)(9,0.826533)(10,0.750474)}
Time:
\def \timed{(1,0.062355)(2,0.031276)(3,0.021486)(4,0.016163)(5,0.013260)(6,0.011178)(7,0.009734)(8,0.008521)(9,0.008331)(10,0.008084)}
Acceleration:
\def \accd{(1,1.000000)(2,1.993673)(3,2.902121)(4,3.857791)(5,4.702558)(6,5.578545)(7,6.405674)(8,7.317997)(9,7.484720)(10,7.713239)}
Efficiency:
\def \effd{(1,1.000000)(2,0.996837)(3,0.967374)(4,0.964448)(5,0.940512)(6,0.929758)(7,0.915096)(8,0.914750)(9,0.831636)(10,0.771324)}
Time:
\def \timee{(1,0.062344)(2,0.031309)(3,0.021526)(4,0.016282)(5,0.013379)(6,0.011219)(7,0.009650)(8,0.008681)(9,0.010073)(10,0.009865)}
Acceleration:
\def \acce{(1,1.000000)(2,1.991230)(3,2.896211)(4,3.829013)(5,4.659668)(6,5.557062)(7,6.460261)(8,7.181684)(9,6.189375)(10,6.319674)}
Efficiency:
\def \effe{(1,1.000000)(2,0.995615)(3,0.965404)(4,0.957253)(5,0.931934)(6,0.926177)(7,0.922894)(8,0.897711)(9,0.687708)(10,0.631967)}

dynamic
Count: 100000000
Num_seed: 10
Total time:516.588938
Time:
\def \time{(1,0.717159)(2,4.301952)(3,5.987378)(4,4.770334)(5,4.774881)(6,4.587997)(7,5.059636)(8,4.967665)(9,6.962144)(10,7.242229)}
Acceleration:
\def \acc{(1,1.000000)(2,0.166705)(3,0.119778)(4,0.150337)(5,0.150194)(6,0.156312)(7,0.141741)(8,0.144365)(9,0.103008)(10,0.099025)}
Efficiency:
\def \eff{(1,1.000000)(2,0.083353)(3,0.039926)(4,0.037584)(5,0.030039)(6,0.026052)(7,0.020249)(8,0.018046)(9,0.011445)(10,0.009902)}

static 1000,static 10000,dynamic 1000,guided 1000
Count: 100000000
Num_seed: 100
Total time:223.670723
Time:
\def \time{(1,0.063168)(2,0.032296)(3,0.023897)(4,0.018549)(5,0.015340)(6,0.013317)(7,0.012162)(8,0.011443)(9,0.013434)(10,0.013111)}
Acceleration:
\def \acc{(1,1.000000)(2,1.955904)(3,2.643406)(4,3.405405)(5,4.117757)(6,4.743437)(7,5.194112)(8,5.520313)(9,4.702003)(10,4.817959)}
Efficiency:
\def \eff{(1,1.000000)(2,0.977952)(3,0.881135)(4,0.851351)(5,0.823551)(6,0.790573)(7,0.742016)(8,0.690039)(9,0.522445)(10,0.481796)}
Time:
\def \time{(1,0.062444)(2,0.031675)(3,0.021755)(4,0.016450)(5,0.013572)(6,0.011432)(7,0.009973)(8,0.008833)(9,0.010666)(10,0.010272)}
Acceleration:
\def \acc{(1,1.000000)(2,1.971377)(3,2.870330)(4,3.796086)(5,4.600975)(6,5.462092)(7,6.261512)(8,7.069398)(9,5.854486)(10,6.079257)}
Efficiency:
\def \eff{(1,1.000000)(2,0.985689)(3,0.956777)(4,0.949022)(5,0.920195)(6,0.910349)(7,0.894502)(8,0.883675)(9,0.650498)(10,0.607926)}
Time:
\def \time{(1,0.063067)(2,0.034595)(3,0.027078)(4,0.021294)(5,0.018014)(6,0.015516)(7,0.013730)(8,0.012580)(9,0.012385)(10,0.012098)}
Acceleration:
\def \acc{(1,1.000000)(2,1.822985)(3,2.329086)(4,2.961727)(5,3.500960)(6,4.064725)(7,4.593240)(8,5.013144)(9,5.092300)(10,5.213189)}
Efficiency:
\def \eff{(1,1.000000)(2,0.911493)(3,0.776362)(4,0.740432)(5,0.700192)(6,0.677454)(7,0.656177)(8,0.626643)(9,0.565811)(10,0.521319)}
Time:
\def \time{(1,0.062394)(2,0.031226)(3,0.021475)(4,0.016153)(5,0.013259)(6,0.011247)(7,0.009655)(8,0.008518)(9,0.008558)(10,0.008153)}
Acceleration:
\def \acc{(1,1.000000)(2,1.998176)(3,2.905475)(4,3.862776)(5,4.705987)(6,5.547449)(7,6.462103)(8,7.325072)(9,7.290443)(10,7.653254)}
Efficiency:
\def \eff{(1,1.000000)(2,0.999088)(3,0.968492)(4,0.965694)(5,0.941197)(6,0.924575)(7,0.923158)(8,0.915634)(9,0.810049)(10,0.765325)}
