/Users/maxim/Desktop/All/code/CLionProjects/ParProc/cmake-build-debug/Lab4

Count: 100000000
Num_seed: 10
Total time:9.305253
Time:
(1,0.065683)(2,0.033599)(3,0.023075)(4,0.017473)(5,0.013967)(6,0.011690)(7,0.010163)(8,0.009494)(9,0.013273)(10,0.012665)
Acceleration:
(1,1.000000)(2,1.954924)(3,2.846500)(4,3.759140)(5,4.702774)(6,5.618564)(7,6.462988)(8,6.918046)(9,4.948707)(10,5.185995)
Efficiency:
(1,1.000000)(2,0.977462)(3,0.948833)(4,0.939785)(5,0.940555)(6,0.936427)(7,0.923284)(8,0.864756)(9,0.549856)(10,0.518599)

Count: 100000000
Num_seed: 10
Total time:9.552373
Time:
(1,0.066998)(2,0.038700)(3,0.029399)(4,0.022640)(5,0.019358)(6,0.016166)(7,0.014108)(8,0.012812)(9,0.012479)(10,0.012311)
Acceleration:
(1,1.000000)(2,1.731191)(3,2.278931)(4,2.959219)(5,3.460977)(6,4.144301)(7,4.748976)(8,5.229448)(9,5.368699)(10,5.441871)
Efficiency:
(1,1.000000)(2,0.865595)(3,0.759644)(4,0.739805)(5,0.692195)(6,0.690717)(7,0.678425)(8,0.653681)(9,0.596522)(10,0.544187)

Count: 100000000
Num_seed: 10
Total time:9.865818
Time:
(1,0.068772)(2,0.037074)(3,0.026548)(4,0.019001)(5,0.016125)(6,0.012456)(7,0.010841)(8,0.013865)(9,0.010067)(10,0.009414)
Acceleration:
(1,1.000000)(2,1.854988)(3,2.590487)(4,3.619465)(5,4.264824)(6,5.521372)(7,6.343520)(8,4.960294)(9,6.831429)(10,7.305678)
Efficiency:
(1,1.000000)(2,0.927494)(3,0.863496)(4,0.904866)(5,0.852965)(6,0.920229)(7,0.906217)(8,0.620037)(9,0.759048)(10,0.730568)

Count: 100000000
Num_seed: 10
Total time:9.257099
Time:
(1,0.066092)(2,0.033878)(3,0.023053)(4,0.017268)(5,0.013900)(6,0.011678)(7,0.010114)(8,0.009331)(9,0.010826)(10,0.012017)
Acceleration:
(1,1.000000)(2,1.950842)(3,2.866954)(4,3.827403)(5,4.754689)(6,5.659448)(7,6.534536)(8,7.083090)(9,6.104839)(10,5.499842)
Efficiency:
(1,1.000000)(2,0.975421)(3,0.955651)(4,0.956851)(5,0.950938)(6,0.943241)(7,0.933505)(8,0.885386)(9,0.678315)(10,0.549984)

Count: 100000000
Num_seed: 10
Total time:9.240703
Time:
(1,0.065801)(2,0.033510)(3,0.023195)(4,0.017329)(5,0.013938)(6,0.011671)(7,0.010126)(8,0.009034)(9,0.010977)(10,0.011463)
Acceleration:
(1,1.000000)(2,1.963602)(3,2.836833)(4,3.797177)(5,4.720870)(6,5.637838)(7,6.498148)(8,7.284098)(9,5.994325)(10,5.740086)
Efficiency:
(1,1.000000)(2,0.981801)(3,0.945611)(4,0.949294)(5,0.944174)(6,0.939640)(7,0.928307)(8,0.910512)(9,0.666036)(10,0.574009)

Count: 100000000
Num_seed: 10
Total time:9.236869
Time:
(1,0.065665)(2,0.033529)(3,0.023054)(4,0.020992)(5,0.014031)(6,0.011610)(7,0.009997)(8,0.008777)(9,0.010326)(10,0.010990)
Acceleration:
(1,1.000000)(2,1.958439)(3,2.848308)(4,3.128092)(5,4.679854)(6,5.655843)(7,6.568723)(8,7.481048)(9,6.359427)(10,5.975023)
Efficiency:
(1,1.000000)(2,0.979220)(3,0.949436)(4,0.782023)(5,0.935971)(6,0.942640)(7,0.938389)(8,0.935131)(9,0.706603)(10,0.597502)

Count: 100000000
Num_seed: 10
Total time:9.310392
Time:
(1,0.065967)(2,0.033783)(3,0.022986)(4,0.017422)(5,0.014105)(6,0.011890)(7,0.011406)(8,0.010391)(9,0.013662)(10,0.012973)
Acceleration:
(1,1.000000)(2,1.952666)(3,2.869899)(4,3.786405)(5,4.676921)(6,5.547963)(7,5.783528)(8,6.348523)(9,4.828610)(10,5.084984)
Efficiency:
(1,1.000000)(2,0.976333)(3,0.956633)(4,0.946601)(5,0.935384)(6,0.924661)(7,0.826218)(8,0.793565)(9,0.536512)(10,0.508498)
Totallest total time:65.768507
Process finished with exit code 0
