1
qoi:            0.0        20.4          0.00        397.92      2649    8.3%

2
qoi:            0.0        12.3          0.00        658.49      2649    8.3%

3
qoi:            0.0         9.4          0.00        862.36      2649    8.3%

4
qoi:            0.0         7.4          0.00       1092.42      2649    8.3%

5
qoi:            0.0         6.3          0.00       1283.41      2649    8.3%

6
qoi:            0.0         5.7          0.00       1432.76      2649    8.3%

7
qoi:            0.0         5.2          0.00       1572.00      2649    8.3%

8
qoi:            0.0         4.8          0.00       1677.10      2649    8.3%

9
qoi:            0.0         5.0          0.00       1628.09      2649    8.3%

10
qoi:            0.0         5.1          0.00       1604.82      2649    8.3%

20,4 12,3 9,4 7,4 6,3 5,7 5,2 4,8 5,0 5,1